1
0
2038349057
0
-1083564287
0
-1061456383
0
-1970898431
0
-1709061375
0
954528001
0
-741614591
0
-802954239
0
851069185
0
-1269288191
0
1210855937
0
781532673
0
1477916417
0
-325786367
0
1304393729
0
-260077567
0
258970881
0
-1143732479
0
1448128001
0
1416610305
0
-2090704127
0
381065473
0
-1097673727
0
467332097
0
16163073
0
1329961729
0
2132863489
0
572392961
0
1016811265
0
535956737
0
1702752257
0
2071859201
0
1596419329
0
-23793919
0
1427432961
0
-1675097599
0
1524235009
0
930038017
0
272157697
0
120648705
0
140114177
0
1344930561
0
153395713
0
93703681
0
-1950980351
0
852899073
0
-1157928959
0
-449079295
0
-2124004095
0
